sample,gbstrim_removed,total_reads,no_pair,total_removed,total_remaining,ratio_removed
Sample_IDSW114_F03_S4,3363062,10467582,1196906,4559968,5907614,43.5627635876175
Sample_IDSW115_G03_S5,5403954,14863464,1958750,7362704,7500760,49.5355860518113
Sample_IDSW116_H03_S6,2616834,9221738,1052818,3669652,5552086,39.7934966272085
Sample_IDSW118_A04_S7,2430222,8574416,1086914,3517136,5057280,41.0189568595692
Sample_IDSW126_G08_S8,3943527,11085480,1477595,5421122,5664358,48.9029072263898
Sample_IDSW127_H08_S9,2727216,8636370,1024314,3751530,4884840,43.4387364135626
Sample_IDSW129_A09_S10,3692739,12758154,1509295,5202034,7556120,40.7741903726824
Sample_IDSW130_B09_S11,8072697,20439604,2260947,10333644,10105960,50.5569677377311
Sample_IDSW140_H04_S13,5868572,16820006,1911106,7779678,9040328,46.2525280906559
Sample_IDSW145_C05_S17,4656452,14558728,1842576,6499028,8059700,44.6400811939065
Sample_IDSW145_D11_S18,7623526,20339968,2568182,10191708,10148260,50.106804494481
Sample_IDSW146_D05_S19,4577862,13894910,1734990,6312852,7582058,45.4328383559159
Sample_IDSW147_E10_S20,9090675,25942108,3023521,12114196,13827912,46.6970378814243
Sample_IDSW150_F05_S22,2999645,9442962,1108549,4108194,5334768,43.5053535109005
Sample_IDSW156_G05_S23,8567527,26203240,3035745,11603272,14599968,44.2818216373242
Sample_IDSW157_H05_S24,1886658,6368280,742238,2628896,3739384,41.2810994491448
Sample_IDSW158_B06_S25,7373713,20283786,2398241,9771954,10511832,48.1761836769526
Sample_IDSW159_C09_S26,11831261,39542200,4810171,16641432,22900768,42.0852456363075
Sample_IDSW161_C06_S27,3823632,14061982,1859494,5683126,8378856,40.4148291471288
Sample_IDSW162_D06_S28,4608182,14247648,1838664,6446846,7800802,45.2484929442389
Sample_IDSW163_E06_S29,8776339,27771240,3277097,12053436,15717804,43.4025848323661
Sample_IDSW164_F06_S30,6031276,16465660,1946166,7977442,8488218,48.4489659084422
Sample_IDSW165_G06_S31,4418321,15414192,2053243,6471564,8942628,41.9844517312357
Sample_IDSW166_H06_S32,5421170,18214160,2079382,7500552,10713608,41.1797853977345
Sample_IDSW183_A07_S33,4211641,13572218,1770241,5981882,7590336,44.0744615213225
Sample_IDSW184_F10_S34,9436098,24201942,3003054,12439152,11762790,51.3973300159136
Sample_IDSW186_G10_S35,9111537,23754500,3143037,12254574,11499926,51.5884316655792
Sample_IDSW187_F04_S36,4171724,11490278,1379602,5551326,5938952,48.3132435960209
Sample_IDSW190_H10_S37,8289223,21839102,2514715,10803938,11035164,49.4706146800358
Sample_IDSW191_B07_S38,6531698,16072004,1861416,8393114,7678890,52.221950666513
Sample_IDSW192_F07_S39,5329531,14144432,1627297,6956828,7187604,49.1842160929474
Sample_IDSW193_C07_S40,2281903,6428016,845279,3127182,3300834,48.6492566291061
Sample_IDSW194_D07_S41,6814018,17229558,2146902,8960920,8268638,52.00899523946
Sample_IDSW196_E07_S42,4538998,12023518,1443120,5982118,6041400,49.7534748149419
Sample_IDSW198_G07_S43,7626843,17218372,2099925,9726768,7491604,56.4906368616034
Sample_IDSW199_A11_S44,3485609,10613316,1426095,4911704,5701612,46.2786936712334
Sample_IDSW199_H07_S45,3203209,10159248,1181893,4385102,5774146,43.1636475455664
Sample_IDSW200_B11_S46,8735047,23266222,2758345,11493392,11772830,49.399477061639
Sample_IDSW201_C11_S47,4877746,14555468,2172606,7050352,7505116,48.4378241908814
Sample_IDSW220_A08_S48,5512604,14421310,1949328,7461932,6959378,51.7424006556963
Sample_IDSW224_B08_S49,2075852,6443198,815734,2891586,3551612,44.87811797806
Sample_IDSW231_C08_S50,5475286,14233010,1933556,7408842,6824168,52.053936588255
Sample_IDSW232_F08_S51,3963851,11300982,1385651,5349502,5951480,47.3366119864628
Sample_IDSW234_E08_S52,3353738,8648826,1068210,4421948,4226878,51.1277253120828
Sample_IDSW235_D08_S53,7044338,16694834,2151950,9196288,7498546,55.0846327672381
Sample_IDSW36_D09_S54,14249372,45105552,5344472,19593844,25511708,43.4399827320592
Sample_IDSW37_E09_S55,13075827,43665688,5008153,18083980,25581708,41.4146228498678
Sample_IDSW38_A01_S56,7443939,23953986,2733847,10177786,13776200,42.4889035169345
Sample_IDSW38_F09_S57,11107640,35425116,3767056,14874696,20550420,41.9891243263678
Sample_IDSW39_C01_S58,11354916,40508826,4837254,16192170,24316656,39.9719557412007
Sample_IDSW40_B01_S59,10557243,31128552,3230855,13788098,17340454,44.2940551812368
Sample_IDSW45_D01_S60,5424334,16604412,1946230,7370564,9233848,44.3891900538243
Sample_IDSW46_E01_S61,11273420,32713106,3494406,14767826,17945280,45.1434541250837
Sample_IDSW47_F01_S62,6489596,21020546,2211078,8700674,12319872,41.3912845080237
Sample_IDSW48_G01_S63,7818745,26959536,3142449,10961194,15998342,40.6579475255064
Sample_IDSW50_H01_S64,8095980,23084958,2386202,10482182,12602776,45.4069788647655
Sample_IDSW51_A02_S65,7797795,25716666,3225643,11023438,14693228,42.8649576893054
Sample_IDSW53_G02_S66,13852146,45843338,5775304,19627450,26215888,42.8141816374715
Sample_IDSW55_B02_S67,12885184,37119072,4143416,17028600,20090472,45.875608097099
Sample_IDSW56_C02_S68,10325639,34364428,4271937,14597576,19766852,42.4787399342134
Sample_IDSW57_D02_S69,13509039,40372488,4895245,18404284,21968204,45.5862021681696
Sample_IDSW58_E02_S70,14223588,47411380,5481782,19705370,27706010,41.5625320334485
Sample_IDSW59_F02_S71,4597259,17889552,2058883,6656142,11233410,37.2068680087685
Sample_IDSW61_A03_S72,12374370,35369292,4122874,16497244,18872048,46.642844872326
Sample_IDSW62_B03_S73,18122134,46928132,4966356,23088490,23839642,49.1996783507172
Sample_IDSW67_C03_S74,4028124,11909678,1590218,5618342,6291336,47.1745919579018
Sample_IDSW70_D03_S75,5891748,16611976,2211094,8102842,8509134,48.7771111636569
Sample_IDSW70_G09_S76,9113986,22441544,2723482,11837468,10604076,52.748010564692
Sample_IDSW71_H09_S77,9824307,24737500,2574201,12398508,12338992,50.1202950985346
Sample_IDSW72_A10_S78,3766980,12272612,1667558,5434538,6838074,44.2818366619918
Sample_IDSW74_B10_S79,4532788,12944358,1756048,6288836,6655522,48.5836068501814
Sample_IDSW74_E03_S80,6028614,15308970,1938072,7966686,7342284,52.0393338023394
Sample_IDSW81_B04_S81,3526179,9255210,1148205,4674384,4580826,50.5054342365003
Sample_IDSW82_C04_S82,3228805,11077062,1451177,4679982,6397080,42.2493076232669
Sample_IDSW84_D04_S83,10014042,27075594,3347706,13361748,13713846,49.3497871182438
Sample_IDSW85_E04_S84,4688149,15663076,1828717,6516866,9146210,41.6065528891005
